     2    CA       6    CA    7.480  1.0  1210 
     2    CA      44    CA    7.660  1.0  1210 
     2    CA      50    CA    9.640  1.0  1210 
     3    CA       7    CA    6.020  1.0  1210 
     3    CA      41    CA    7.880  1.0  1210 
     3    CA      44    CA    7.370  1.0  1210 
     3    CA      48    CA    8.840  1.0  1210 
     3    CA      50    CA    7.090  1.0  1210 
     3    CA      51    CA    9.690  1.0  1210 
     3    CA      54    CA    8.990  1.0  1210 
     4    CA       8    CA    5.780  1.0  1210 
     4    CA      41    CA    5.070  1.0  1210 
     4    CA      42    CA    6.950  1.0  1210 
     4    CA      44    CA    6.110  1.0  1210 
     5    CA       9    CA    7.020  1.0  1210 
     6    CA      10    CA    7.190  1.0  1210 
     6    CA      54    CA    9.860  1.0  1210 
     7    CA      11    CA    5.960  1.0  1210 
     7    CA      12    CA    8.150  1.0  1210 
     7    CA      37    CA   10.200  1.0  1210 
     7    CA      41    CA    7.040  1.0  1210 
     7    CA      44    CA    9.940  1.0  1210 
     7    CA      50    CA    9.600  1.0  1210 
     7    CA      53    CA    8.380  1.0  1210 
     7    CA      54    CA    7.530  1.0  1210 
     7    CA      57    CA    8.260  1.0  1210 
     8    CA      12    CA    5.690  1.0  1210 
     8    CA      41    CA    7.720  1.0  1210 
     9    CA      13    CA    6.090  1.0  1210 
    10    CA      14    CA    5.920  1.0  1210 
    10    CA      54    CA    9.010  1.0  1210 
    10    CA      57    CA    7.160  1.0  1210 
    10    CA      58    CA    9.180  1.0  1210 
    10    CA      61    CA    8.880  1.0  1210 
    11    CA      15    CA    6.040  1.0  1210 
    11    CA      34    CA    7.970  1.0  1210 
    11    CA      37    CA    8.650  1.0  1210 
    11    CA      38    CA    6.860  1.0  1210 
    11    CA      41    CA    8.820  1.0  1210 
    11    CA      57    CA    7.000  1.0  1210 
    12    CA      16    CA    6.680  1.0  1210 
    12    CA      17    CA    8.610  1.0  1210 
    13    CA      17    CA    6.040  1.0  1210 
    13    CA      18    CA    8.060  1.0  1210 
    13    CA      61    CA    9.340  1.0  1210 
    13    CA      64    CA   10.730  1.0  1210 
    14    CA      18    CA    5.400  1.0  1210 
    14    CA      19    CA    7.930  1.0  1210 
    14    CA      34    CA    7.840  1.0  1210 
    14    CA      37    CA   10.660  1.0  1210 
    14    CA      56    CA   10.990  1.0  1210 
    14    CA      57    CA    7.750  1.0  1210 
    14    CA      58    CA    9.750  1.0  1210 
    14    CA      60    CA    7.270  1.0  1210 
    14    CA      61    CA    7.490  1.0  1210 
    14    CA      64    CA    8.350  1.0  1210 
    15    CA      19    CA    5.760  1.0  1210 
    15    CA      20    CA    8.000  1.0  1210 
    15    CA      34    CA    8.680  1.0  1210 
    15    CA      38    CA   10.060  1.0  1210 
    16    CA      20    CA    5.540  1.0  1210 
    17    CA      21    CA    6.050  1.0  1210 
    17    CA      27    CA    9.770  1.0  1210 
    17    CA      61    CA    9.380  1.0  1210 
    17    CA      64    CA    7.690  1.0  1210 
    18    CA      27    CA    6.300  1.0  1210 
    18    CA      30    CA    8.070  1.0  1210 
    18    CA      31    CA    7.070  1.0  1210 
    18    CA      34    CA    9.050  1.0  1210 
    18    CA      60    CA    8.360  1.0  1210 
    18    CA      64    CA    6.950  1.0  1210 
    19    CA      27    CA    8.040  1.0  1210 
    21    CA      27    CA    7.130  1.0  1210 
    21    CA      30    CA   11.240  1.0  1210 
    21    CA      64    CA    8.140  1.0  1210 
    21    CA      67    CA    7.470  1.0  1210 
    23    CA      27    CA    5.620  1.0  1210 
    26    CA      30    CA    7.560  1.0  1210 
    26    CA      63    CA    9.090  1.0  1210 
    26    CA      66    CA   10.400  1.0  1210 
    26    CA      67    CA    7.540  1.0  1210 
    27    CA      31    CA    5.380  1.0  1210 
    27    CA      63    CA    8.810  1.0  1210 
    27    CA      64    CA    7.850  1.0  1210 
    27    CA      67    CA    8.180  1.0  1210 
    28    CA      32    CA    5.800  1.0  1210 
    29    CA      33    CA    6.730  1.0  1210 
    29    CA      34    CA    8.350  1.0  1210 
    29    CA      59    CA   10.290  1.0  1210 
    29    CA      63    CA    9.860  1.0  1210 
    30    CA      34    CA    5.720  1.0  1210 
    30    CA      59    CA    7.350  1.0  1210 
    30    CA      60    CA    5.790  1.0  1210 
    30    CA      63    CA    7.630  1.0  1210 
    30    CA      64    CA    8.050  1.0  1210 
    30    CA      67    CA   10.400  1.0  1210 
    31    CA      35    CA    6.050  1.0  1210 
    31    CA      60    CA    8.280  1.0  1210 
    32    CA      36    CA    6.620  1.0  1210 
    33    CA      37    CA    5.610  1.0  1210 
    33    CA      56    CA    7.070  1.0  1210 
    33    CA      59    CA    8.600  1.0  1210 
    33    CA      60    CA    8.410  1.0  1210 
    34    CA      38    CA    5.870  1.0  1210 
    34    CA      39    CA    8.230  1.0  1210 
    34    CA      60    CA    7.510  1.0  1210 
    35    CA      39    CA    6.270  1.0  1210 
    36    CA      40    CA    6.340  1.0  1210 
    37    CA      41    CA    6.340  1.0  1210 
    37    CA      53    CA    5.690  1.0  1210 
    37    CA      56    CA    5.970  1.0  1210 
    37    CA      57    CA    6.880  1.0  1210 
    37    CA      60    CA   10.080  1.0  1210 
    38    CA      42    CA    6.320  1.0  1210 
    39    CA      43    CA    6.770  1.0  1210 
    40    CA      44    CA    5.920  1.0  1210 
    40    CA      52    CA    8.300  1.0  1210 
    40    CA      53    CA    6.110  1.0  1210 
    40    CA      56    CA    9.250  1.0  1210 
    41    CA      53    CA    6.220  1.0  1210 
    41    CA      57    CA    9.690  1.0  1210 
    43    CA      47    CA    8.730  1.0  1210 
    44    CA      49    CA    7.820  1.0  1210 
    44    CA      50    CA    6.650  1.0  1210 
    44    CA      53    CA    8.370  1.0  1210 
    49    CA      53    CA    7.640  1.0  1210 
    50    CA      54    CA    6.200  1.0  1210 
    50    CA      55    CA    8.350  1.0  1210 
    51    CA      55    CA    6.110  1.0  1210 
    52    CA      56    CA    5.930  1.0  1210 
    53    CA      57    CA    6.120  1.0  1210 
    54    CA      58    CA    6.030  1.0  1210 
    55    CA      59    CA    6.400  1.0  1210 
    56    CA      60    CA    7.010  1.0  1210 
    57    CA      61    CA    6.660  1.0  1210 
    58    CA      62    CA    6.010  1.0  1210 
    58    CA      63    CA    8.300  1.0  1210 
    59    CA      63    CA    6.130  1.0  1210 
    60    CA      64    CA    5.340  1.0  1210 
    60    CA      65    CA    7.730  1.0  1210 
    61    CA      65    CA    5.390  1.0  1210 
    62    CA      66    CA    6.260  1.0  1210 
    63    CA      67    CA    5.810  1.0  1210 
